0.150127968317157 -0.1072082018342693 -0.8865574716771305
0.1502830163720868 -0.1642484764579142 -0.8371724458615264
0.1504622730256591 -0.1823091938867418 -0.8204483727368059
0.1505298766783653 -0.1427494525188966 -0.8567702796640024
0.1510214226028217 -0.0891930314991634 -0.8982660505211564
0.1516829622449193 -0.1754276992333212 -0.8251980434269617
0.1517441218001374 -0.2989796426975135 -0.5582431145188543
0.1521125417798339 -0.0089556390574975 -0.8567592570338424
0.1521259162861887 -0.1468200444969219 -0.8510963538649701
0.1523961313113392 -0.1423784745712739 -0.8548118093975672
0.1527687931506991 -0.2828338086727499 -0.6097309795207708
0.1532853369532364 -0.0661258978949733 -0.9026560692485719
0.1536748011846249 -0.1622743399348146 -0.8349444956909933
0.1544453038931524 -0.0232932853126842 -0.8687664608986698
0.154911835033774 -0.0391529218057622 -0.8841616161411134
0.1550402935236013 -0.2023753618599117 -0.7961286634478386
0.1552132064356946 -0.0155781077657448 -0.8599535271361032
0.1554395579510076 -0.1118508070791373 -0.8767124628600246
0.1554864407341279 -0.2569661449986654 -0.695504954207119
0.1559496954655614 -0.2337148553214269 -0.761816016018245
0.1561067932778504 -0.0928009559984395 -0.8904288140398013
0.156307746569281 -0.0227690859285828 -0.8663802095471761
0.1563993596659898 -0.3287141410583276 -0.4830015246635139
0.1566133836743275 -0.1681940289642636 -0.82598225188826
0.1569376710168222 -0.1221511982942892 -0.8665594784847337
0.157347107078514 -0.0995976056241335 -0.8845519510069719
0.1590486573061546 -0.2442182484204205 -0.7444259568196196
0.1595380474934887 -0.1485076613163719 -0.8407223662799072
0.1598623290203826 -0.1158343898359136 -0.8683982753969834
0.1601624284032404 -0.0957229819750824 -0.883880217038228
0.1606994206694961 -0.2546649310404581 -0.7180458504284033
0.1609231358798393 -0.2945931834297794 -0.5989331090837193
0.161044894895094 -0.1042195977021473 -0.8767156706696297
0.1611575942605354 -0.0546108242510585 -0.8933771711541916
0.1614627890512169 -0.0719576575083667 -0.8919543035326272
0.1616597628458972 -0.0987743824688354 -0.8801846616011644
0.1619339134975147 -0.1142454480479636 -0.8673289109882257
0.1627152326069173 -0.0419049600190972 -0.8791124978498306
0.1627172156815823 -0.2114961957229229 -0.7775445942643961
0.1627294185746321 -0.2859961854836589 -0.6301303577477493
0.1628556552542596 -0.0635006672011965 -0.8917724808614211
0.1629070995541743 -0.2693897559033186 -0.6804583636028159
0.1639287643493737 -0.0954396860351532 -0.8799089756896795
0.1639543997179627 -0.0539462894244073 -0.8899164325639715
0.1644675039896553 -0.0226877510081624 -0.858141099406079
0.1646481531834005 -0.0032295588667606 -0.8384999269071434
0.1650386996486743 -0.2123436566829729 -0.7736345709031147
0.1650814861322078 -0.3303675886734849 -0.5040721827357035
0.1653031896043733 -0.1306327189124322 -0.8495143500833758
0.1653361326486691 -0.3331016320093072 -0.4966166139215761
0.1657117002814802 -0.3144179574810584 -0.5538258122610729
0.1659575974016155 -0.2284437691858031 -0.7560762773854002
0.1665088108762009 -0.2583088433611375 -0.7231162639495485
0.1670821414484079 -0.2476301572167584 -0.7349424141025539
0.1672000357872836 -0.1875525989805868 -0.7946386025506542
0.1673321036684262 -0.2667865730379646 -0.7015391112854833
0.1678201214295978 -0.3045285221800075 -0.589790408653595
0.1680100082990224 -0.1127665210283552 -0.8615227416165225
0.1686182286562931 -0.11356257508241 -0.8601373122439475
0.1687927066024348 -0.3061795249340505 -0.587759992832108
0.1693859925907293 -0.15637470605172 -0.8213953491230452
0.1694426657391973 -0.107634723597767 -0.8643451853241757
0.1695502332089771 -0.2386035968406516 -0.7412889856083487
0.1696335101119676 -0.160016370431645 -0.8175891768947903
0.1704550826944032 -0.135275080901809 -0.8393013993876399
0.1708105754410882 -0.2951046646762925 -0.6270617332680339
0.1708682701448468 -0.1979134181179202 -0.7801054290888149
0.1710334584724595 -0.2088196110862691 -0.7692715515345687
0.1712416356016851 -0.0968834460700477 -0.8705502830519931
0.1721907406519228 -0.2221146934819847 -0.7548396938052764
0.1723479146880661 -0.083788066569814 -0.8760692211254728
0.1724007900711564 -0.1273999711816956 -0.843731124364514
0.1746075343481356 -0.3269738566776778 -0.5428265078943151
0.1746778398498667 -0.0659326070311997 -0.8770509548106611
0.1749078410296392 -0.1082032063550073 -0.8576747097415705
0.1750291984672289 -0.028745424928104 -0.853640396849286
0.175847856297183 -0.0114950318512381 -0.8355694400492266
0.1760867654148792 -0.3298887994879415 -0.5385131665188115
0.1762933185736589 -0.1783529079700235 -0.7917148006394907
0.1764269786517569 -0.1148952333103211 -0.8499113878136737
0.1764732895484283 -0.0870740761387506 -0.8699284586930064
0.1768870892440432 -0.065111858289688 -0.8745339737695352
0.1773832959758643 -0.1691890095772025 -0.7991681182727745
0.1777540884111131 -0.1352623223564374 -0.8303873441528886
0.1779030049313546 -0.1170569763143663 -0.8463001248319277
0.1780238486272157 -0.0375578068493914 -0.8594599354565634
0.1783724768351673 -0.0442439937173384 -0.8657983954157877
0.1784855932534919 -0.2428130428142425 -0.7259339242878302
0.1804134039807943 -0.2597565728242535 -0.7064106984855928
0.1804362271155271 -0.1298763286864162 -0.8320114456786896
0.1806105975783743 -0.1369228030530452 -0.82539591203892
0.1812265686168164 -0.0478207995594597 -0.8665222428978183
0.1813070053563163 -0.3307649050776155 -0.5515661032988592
0.1823857022185999 -0.3230233543554501 -0.5780266335563758
0.1829524140368636 -0.0924839849386971 -0.859615012530786
0.1831402251058621 -0.2284149723173315 -0.7343853933099078
0.1833407491700861 -0.15035973790525 -0.8095503781408673
0.1835880434505514 -0.0988238032409227 -0.8550694876469496
0.1840112542252086 -0.1875365985809415 -0.7730247362376925
0.1843587849601095 -0.2664011104189531 -0.694359557838759
0.1849301019471086 -0.3250653032194042 -0.5794975052052154
0.1852391925209936 -0.3065511459199691 -0.6330040656552574
0.1853031502427713 -0.1456743117165047 -0.8115117160832745
0.185542753327971 -0.1114546952471552 -0.8424690228168881
0.1856167470331861 -0.2869853296547983 -0.6671756893089617
0.1857328281754818 -0.2423037258087906 -0.7172781385790044
0.1858881084748884 -0.2889851388467928 -0.6640090437466382
0.1860102918242758 -0.1045107553651768 -0.8480187822582038
0.1871141183732291 -0.1689947644126009 -0.7870032521246881
0.1880961701288286 -0.2244754606536902 -0.731641543653994
0.1881153198891005 -0.0531931843457565 -0.8629187016817343
0.1883793063856644 -0.3015790772106292 -0.6424458884088501
0.1888395864859788 -0.1577784210246326 -0.7955860348374302
0.1889015176298183 -0.1307251072243882 -0.8210554195286934
0.1895456457956817 -0.2687391859336408 -0.6851145674393225
0.1909311904441396 -0.1428127196894396 -0.8072300431296082
0.1909813143508853 -0.2018430059862815 -0.7500513981243564
0.191162140995614 -0.0542989069894164 -0.8589416994078428
0.1917092630412855 -0.1612920505784845 -0.7884562945365129
0.192729993103317 -0.1378505164214562 -0.8097132405563674
0.1931613528761607 -0.1356364090850444 -0.8113522694705488
0.1935128678054164 -0.1280480026222703 -0.8180983725005103
0.1938967116858995 -0.2487430155055452 -0.7002115789086936
0.1939772383001109 -0.1513286983182124 -0.7952119816599283
0.1942100679647776 -0.143913803885819 -0.8020167122763115
0.1948634750331071 -0.0825378025327182 -0.8489574227525356
0.1950133507363178 -0.1978610367575812 -0.7486585705586228
0.195140330406522 -0.1212092152198394 -0.8224870872875749
0.1953037358511313 -0.300125105692707 -0.638934110085058
0.196277981458572 -0.057060102952853 -0.8522495580623339
0.1963293740105146 -0.1840041311825303 -0.7604514514906254
0.1965441816756638 -0.1376439264700234 -0.8052801963527607
0.1970199446398133 -0.2547688794944074 -0.6899750898880288
0.1980569182140544 -0.2087901398758199 -0.7338257564855127
0.1981470599318016 -0.1756827068786889 -0.7662932532114242
0.1995658571374228 -0.143390328968972 -0.7958924518795074
0.2004469855889865 -0.2834159752661677 -0.6550849873031412
0.2006897962664592 -0.232589690575188 -0.707363220500457
0.2011217491216902 -0.1901881235066778 -0.7481671937836427
0.2011864866676373 -0.0590295519600333 -0.8459429013615428
0.2012725616779804 -0.1964793777938092 -0.7417581914763645
0.2016161615437393 -0.2586822454678058 -0.6802468123899306
0.2022177822410378 -0.2940930146918938 -0.6395899227702984
0.2025053856556944 -0.3253834134522109 -0.5837595604473227
0.2026445079564393 -0.0605432670117476 -0.8438794647228857
0.2027022637205749 -0.0976719324511318 -0.8335214819472172
0.2028868476011182 -0.0577298164643328 -0.8440370703555222
0.2041805358916998 -0.2718864562824929 -0.6632172792272818
0.2043958782420695 -0.0294940239443927 -0.8250295770720044
0.2050856417126719 -0.1463619126345144 -0.7861819846317416
0.205201186160664 -0.1107211410859803 -0.8202317720714666
0.2054572550701631 -0.2961365422055834 -0.6328814737725618
0.2057982728722199 -0.1573292803937437 -0.7744601341029432
0.2061473657311974 -0.056050039778398 -0.8403624740194171
0.2063022876579553 -0.2291025152473169 -0.7032635919668212
0.2064730391663697 -0.302255354326737 -0.6222416292643568
0.2067725930567367 -0.1452717777193903 -0.7851730000962671
0.2069300986454434 -0.1868075220652391 -0.7438463073458654
0.2070055381463659 -0.3114882206319253 -0.6030327960726065
0.2070374360793441 -0.1178118563611847 -0.8116317779456563
0.2081793743572707 -0.0588124368248627 -0.8373713968678187
0.2083109876215953 -0.0688198545809444 -0.8353211440295978
0.2092186399133743 -0.1501101678029831 -0.7773587916701651
0.2094294551824056 -0.1302753234712925 -0.7968467751288212
0.2098061907669087 -0.2665574684031429 -0.6619913696958724
0.2099814103728276 -0.0238235310954694 -0.8137742235487944
0.2100503065384616 -0.213826818988988 -0.7130410581047124
0.2101803416431432 -0.0839287910178592 -0.8298775837583225
0.2107358912721344 -0.3183318505836363 -0.5872911248802986
0.2107666675787894 -0.3205777915282159 -0.5941081168237804
0.2110429730575271 -0.1313034589040665 -0.7939425233745304
0.2113607886792533 -0.1208110406858162 -0.8037472950278132
0.2115200410190248 -0.0465630396108266 -0.8349782528791125
0.2119303972467255 -0.2490735459126819 -0.6765839550348913
0.2122534539439217 -0.2151359914643376 -0.7088734373519362
0.212957040342619 -0.0404983807930903 -0.8274762052528978
0.213427875928999 -0.1221913487431499 -0.8000437491431629
0.2135968180836521 -0.2551913777760727 -0.6685483998895827
0.2144052023471498 -0.2522232288460827 -0.6703645214096186
0.2144906488736195 -0.1093281407276741 -0.8104685013019238
0.2147504218805733 -0.069351662482631 -0.8273782627307784
0.2155365925057912 -0.023065735086202 -0.8074625091478055
0.2155833735986696 -0.2072569815484241 -0.712105236108405
0.215869065097549 -0.2047045410612537 -0.7143035380232496
0.2160114230113127 -0.122283210159078 -0.7968613231562376
0.2161131539293335 -0.2910869640525677 -0.6264942932976045
0.2167304519657811 -0.1792665759902302 -0.7387387473093325
0.2167565591598007 -0.0916098479541302 -0.8196094151198747
0.2168756428803944 -0.2977380833815817 -0.6158485618670353
0.2176001508496766 -0.1757945429347538 -0.7411834594651883
0.2178417929034245 -0.2021238463512574 -0.7141408682044283
0.2180242939104844 -0.1162161730112563 -0.8000858299911338
0.2191284004288503 -0.2247383865734315 -0.6903931868129369
0.2193630657885675 -0.1896713041046239 -0.7247203131184297
0.219948302015278 -0.1234396470650734 -0.7910738833262458
0.2199849335484749 -0.0360759482894487 -0.8160270554899223
0.2207316764259956 -0.0789446582976601 -0.8181103802649153
0.220741171050276 -0.2288387784268306 -0.6843418674242503
0.2213858229130055 -0.2883496919003649 -0.6231055029976993
0.2218608726102229 -0.0905573401795971 -0.8137218430066107
0.2219543737248217 -0.1059262794678156 -0.8046764887315063
0.2224317795120055 -0.2242001527590989 -0.686558836962572
0.2224371553112991 -0.3082664772100766 -0.5921843356191756
0.2224981189800371 -0.0022464160018008 -0.7796808217597961
0.2231898577968181 -0.1505168426813067 -0.7597280685617904
0.223375162952558 -0.1734924156217194 -0.7360402239058467
0.2242776000164519 -0.2325531507510913 -0.6761544125123935
0.2246432060185066 -0.2667923836860136 -0.6430309641909684
0.224792978096747 -0.2555113826682729 -0.6538024761432046
0.2251924797973468 -0.0473248765968491 -0.8186374579155811
0.2256462383335835 -0.0808212193890422 -0.8117104452520866
0.2266234991784182 -0.3232900009085874 -0.6497993479119433
0.2269186669458463 -0.2572921782997831 -0.6494001632272687
0.2271576238557896 -0.0558985152100505 -0.8148102037029841
0.2275084768061162 -0.2276342186300478 -0.6765643719475334
0.2275530491427388 -0.0779130872729745 -0.8100578609073139
0.228076001597957 -0.1233076594430341 -0.7815235466079274
0.2288210182815935 -0.1030328320729367 -0.7987564353942517
0.2290111898522793 -0.0142281961441163 -0.7851525837547091
0.2290746887149478 -0.1459910348718992 -0.7569681973189315
0.2292885272995426 -0.0544430589029072 -0.812492578988121
0.2293617157772797 -0.3176180148966854 -0.6410312739658601
0.2294481624353655 -0.2826333479087295 -0.6192013919492024
0.2297330124290472 -0.1017644492864212 -0.798599671727019
0.2301988433744889 -0.2723268942042775 -0.6300964921004626
0.2303690001050384 -0.2608653574622964 -0.6413737287883856
0.2304734133825935 -0.0650720570732749 -0.80908281456138
0.2305467564650994 -0.2678096699558349 -0.6343390579162456
0.2308074414838021 -0.0348326625165161 -0.8039637522272309
0.2311603187848589 -0.1799524839797126 -0.7193613766964049
0.2312023314298856 -0.0041192477111991 -0.7728517946883657
0.2316685494808491 -0.2285458896604096 -0.6700295827486666
0.2326528383281908 -0.0147579958191104 -0.7820416887009385
0.2330696049789152 -0.0454521788458555 -0.8094611844689155
0.2340987407864642 -0.0861098512229876 -0.8002711535870257
0.2342240407214369 -0.1631758976736182 -0.7329822892018971
0.2343862288544705 -0.316549168650165 -0.6529045372288471
0.234922427642468 -0.276510126393064 -0.61894981268021
0.2360552602798312 -0.0434356557686695 -0.8062567843255373
0.2362669318523243 -0.2258895012294866 -0.6663259374010363
0.236862986126532 -0.1229965170360833 -0.7712348846694232
0.2374484652810758 -0.1599268349897768 -0.7323121323850346
0.2377516638454627 -0.0674039368353013 -0.7999122305084518
0.2382749681081877 -0.235408062585285 -0.654731604283075
0.2383814415653294 -0.2592860275029539 -0.6323292104359861
0.2387313726087913 -0.0591154796137979 -0.8003017424804872
0.2387669186300675 -0.2416623420207841 -0.6482860726385333
0.2389589865398557 -0.2496064326789592 -0.6408972502122653
0.2393216381575503 -0.3107863504161877 -0.6503900213352292
0.2408055983094821 -0.2917076518617747 -0.5976007256331132
0.2414561444584615 -0.0909014323257358 -0.7898770152626411
0.2421422199423661 -0.0867597976289655 -0.7903173914441317
0.242490103210104 -0.217517197824568 -0.6659759361822183
0.2426599607045506 -0.1928471003802738 -0.6908193024996312
0.2427687576176243 -0.1311821219935948 -0.7558185709075309
0.2431341254700385 -0.0533425755930722 -0.7959898880030246
0.2432090918067616 -0.1094961216943654 -0.7762161706947577
0.2434027010911218 -0.0313398500963146 -0.7878783288455588
0.2436050889488526 -0.2644136793790063 -0.6203183509485928
0.2444066730896367 -0.3248886516318581 -0.7079849352781735
0.2453652096817103 -0.3301607004247736 -0.7266520889032464
0.2454536323886071 -0.0660893124287651 -0.7909470961639473
0.2456740279629219 -0.3189542996786087 -0.6939692350749125
0.2458117975770879 -0.1756261263589261 -0.7048666917871553
0.2459346730674303 -0.2749580317339013 -0.6051769301680345
0.2460166886728063 -0.3236410600782907 -0.7090300369168947
0.2462648233919303 -0.0572399097062392 -0.7915742871738067
0.2462840804171217 -0.1593927292052657 -0.721670144212708
0.2465459372387974 -0.251055514198141 -0.6294184773426617
0.246686310725794 -0.2374459297904238 -0.6413363370709229
0.2475700147520705 -0.0430551200730364 -0.7924973542134941
0.2485693198508243 -0.1076331467434412 -0.7711602862313565
0.2488789430229592 -0.1619730021491573 -0.7156283172413579
0.2496817341670317 -0.0420068308876434 -0.7902536490974675
0.2498115293062342 -0.2767783290402085 -0.5972497106435999
0.2500351738864336 -0.2559772068312784 -0.6204169179753136
0.2501613310902584 -0.2090736561118782 -0.6639808052807716
0.2502257682791919 -0.0646034514220916 -0.7854415220649407
0.2502973839138223 -0.0448052095070922 -0.7890140020771734
0.2505214522097812 -0.1999491961587855 -0.6728308369888871
0.2505529808953748 -0.127699076566866 -0.7500009464565827
0.2507682459508891 -0.1550924604856752 -0.7204832215137132
0.2508298034192246 -0.2302698365018312 -0.6421920891208059
0.252215097092821 -0.0178255187798109 -0.7655521032925765
0.2523057474489069 -0.1484797966092035 -0.7256840027256348
0.2524074418692746 -0.1802120473919479 -0.6913441107048703
0.2524903744746815 -0.0705720053243604 -0.7814502584463003
0.2525461373968968 -0.0556021313804209 -0.7844477126044287
0.2532112220874492 -0.2784294792914152 -0.5950025297040373
0.2533236440811558 -0.2530071126212485 -0.6186864041571963
0.2533557844040734 -0.1886567620601944 -0.6810198065718578
0.2539536013326771 -0.3194668824942177 -0.7203427002160698
0.2549214110364395 -0.2561661442758671 -0.6138021515864972
0.2555966840861 -0.0237630548984149 -0.7681096027975529
0.2561275483375859 -0.133940753228866 -0.7365852299384241
0.2561478065071353 -0.0020792263446691 -0.7458721394224164
0.2563146590292763 -0.1146839434888149 -0.7556438626546016
0.2569482127382279 -0.0489691680295399 -0.7804415892989782
0.2576235781481139 -0.020262281209681 -0.7625820025534502
0.2581203835473371 -0.020366678863225 -0.7621897288420056
0.2584769303126334 -0.2212072185259902 -0.6404817530574697
0.2588873971109268 -0.0838899123988409 -0.7702508624137567
0.2598077598491504 -0.2717876273559103 -0.5948763164579223
0.2598352070605401 -0.3149108804870274 -0.724292234672526
0.2600599382286174 -0.2511068506360544 -0.6116385035072207
0.2601451024887703 -0.2886779647739386 -0.646534614925665
0.2602472303983089 -0.277339474501704 -0.6128421369541868
0.2604619385977887 -0.2005204367861731 -0.6589865620767084
0.261434283390469 -0.0243870305383065 -0.7628974804971196
0.2618502958054156 -0.1822432081311804 -0.6768058304226021
0.2622249995195772 -0.1813225214722894 -0.6772362125196143
0.2623152417611531 -0.3247269172452841 -0.7611769052385775
0.262675812439303 -0.1340257031675243 -0.7283981394858624
0.2641340695429414 -0.3246080315471879 -0.7662774280855411
0.2643033161046444 -0.0232328872570224 -0.7588748640624692
0.264415702735938 -0.1626979967530569 -0.6950200519773468
0.2645357766843039 -0.0992904033600101 -0.7579046699738361
0.2647929211838167 -0.1676032052255801 -0.6890831201237897
0.2650530573078034 -0.2885838657070587 -0.6609763200225542
0.2657276894058354 -0.1196725490758552 -0.7397267325453061
0.2657341563787133 -0.1044826132700136 -0.7528023009998293
0.2657351599668588 -0.2360607540473461 -0.6172520616674496
0.2659939951596652 -0.0304851987832501 -0.7644377945890515
0.2660753324632309 -0.0547588191921848 -0.7686643296482778
0.2661077437802325 -0.1927380609789896 -0.6598433172835358
0.266134787155107 -0.1797509229361775 -0.6739378826348177
0.2667415456199389 -0.1952133039869442 -0.6563070825825843
0.2667965472306029 -0.2131855022459745 -0.6373426183306046
0.2668464791155374 -0.3271178383850104 -0.781965790333069
0.2668734802912306 -0.2858284941476888 -0.6581755104835341
0.2668922759118567 -0.1243663984774276 -0.7337040686829028
0.2669148941001926 -0.2605601350266973 -0.5946231461345315
0.2673190899714863 -0.1491229996451033 -0.7063129822331133
0.2676393566074391 -0.2764689844545726 -0.6324083205720881
0.2676758098931361 -0.15828466374455 -0.695765718743453
0.2680559667981017 -0.0055822203160739 -0.7374703079801196
0.2680868786194724 -0.3165871078966696 -0.754120081963094
0.2682058524312293 -0.2542194435021428 -0.5988141156953899
0.2683902800139677 -0.0427726745195591 -0.7681721822717349
0.2690354063092055 -0.2746285827807647 -0.6310779605568527
0.2691378068017896 -0.1832211253419503 -0.6662453335441783
0.2692805277634368 -0.2279258130492498 -0.6200626467295622
0.270410062066027 -0.142710445658059 -0.7095071488624832
0.2704762894214611 -0.2388602971840763 -0.6086984495342576
0.2706549203041017 -0.1943069600387708 -0.6521041589538634
0.2706620990210525 -0.1005512916191419 -0.7497133683840667
0.2707193364040963 -0.0530925778522006 -0.7636638680044554
0.2707201097435925 -0.2437844691955596 -0.6041814700191322
0.2710280798499695 -0.1086576082642799 -0.7432301488089369
0.2712015422542999 -0.1772646150062088 -0.6701486587449619
0.2713751921391614 -0.3027739977511711 -0.7225370989744612
0.271578731698747 -0.1372327218927402 -0.7140422055306448
0.2715888092477098 -0.0650367754068514 -0.7598745414178567
0.2717374364379002 -0.103532732655535 -0.7463911304660611
0.2721369425145156 -0.1107332582895394 -0.740135219715309
0.272595212124293 -0.2268354531753124 -0.6167873345132012
0.2727472435512645 -0.0630471562502419 -0.7590482323709393
0.2741891775830926 -0.1882086465297172 -0.6541435104146767
0.274302701329844 -0.2321475217719114 -0.6097579717063962
0.2749921354963136 -0.1349023505517561 -0.7125854787901822
0.2754906410707804 -0.196235453956333 -0.6437076860162766
0.2756302667497901 -0.307696730717332 -0.7500560996355928
0.2760156331805692 -0.2159132323448985 -0.6226908726641096
0.2762039660963694 -0.3018806129028399 -0.734345883639514
0.2771074329285247 -0.0064702148156508 -0.729309154577638
0.2776633492632441 -0.1786247972966694 -0.6603096638597921
0.2776711629977459 -0.251499985442689 -0.589116805040812
0.2780053205953504 -0.1089145130854117 -0.7347878683383116
0.2780785936140742 -0.1909414231878441 -0.6460691517435704
0.2781354163506239 -0.0367762494101285 -0.7585414793197858
0.2784065789027036 -0.122480913615999 -0.7218521778502132
0.2788277933084156 -0.2372650370433274 -0.5994982669330748
0.2792578628439665 -0.0242398818668801 -0.744931085869539
0.279536520999853 -0.2091189388236403 -0.6249382363716569
0.2796380327856818 -0.281597720787395 -0.6837830453079208
0.2803524080896229 -0.2043499686212237 -0.6287673303968393
0.2803842365232727 -0.2642867831224185 -0.6340984811752723
0.2805772014091389 -0.2884635798358915 -0.7071880709130662
0.2813404945518515 -0.2331244738516281 -0.5999272794801298
0.2814241360708977 -0.0608177650975728 -0.7495331461416153
0.2818140476657734 -0.0179174988590842 -0.7360523703332265
0.2818500495530353 -0.0493382536841557 -0.7519001494949845
0.2819477936810281 -0.0110993316453364 -0.7290996574612575
0.2823093542893146 -0.187292218609256 -0.6447194986281306
0.2824383135280503 -0.030299562082728 -0.7477624146164793
0.2825392931786032 -0.0689992547551768 -0.7459905431253797
0.2826933057765544 -0.2370238651294564 -0.5947523594485663
0.2836471522323615 -0.0153287517690721 -0.7316306502027548
0.2843003129140446 -0.2329751579735798 -0.5962974650237294
0.2844166411012254 -0.215309829772396 -0.6126412973665076
0.2849804381903581 -0.0640629307747689 -0.744504175535869
0.2852580787898222 -0.2906724466426345 -0.7278540678306085
0.2853384653725949 -0.0071470148969914 -0.721757014361511
0.2856820992399764 -0.2890043269556266 -0.724124213654745
0.2857462066572605 -0.0239063938555046 -0.7380614076101509
0.2858219290026093 -0.2739665484475797 -0.6794408178942912
0.2863315829064371 -0.0004688705746874 -0.7140851797625359
0.2863492801804778 -0.0792171658249112 -0.7385646993731366
0.2864084338571746 -0.2568115953788126 -0.6297432769349669
0.2871364154146219 -0.2483320701632026 -0.6064920754341608
0.2875322445574449 -0.2401470562249977 -0.5861959081642729
0.2877646647080226 -0.13476410418356 -0.6972658454643959
0.2878205733451031 -0.1482453380380868 -0.6821239229220695
0.2878387586671262 -0.2725643474478632 -0.6812834189969299
0.2893928154342472 -0.0706214545433095 -0.737490118758826
0.2894926519056887 -0.3011212177060949 -0.7719359802678525
0.2896701394102501 -0.1588234236942768 -0.6678538456167984
0.2897974153536832 -0.1771416672053836 -0.646634541412339
0.2899277949506522 -0.2569425667596098 -0.6406907735308538
0.2909317300244916 -0.305025993191439 -0.7879561013083638
0.291819133239274 -0.2760679128525546 -0.7037296411176093
0.2936374013116819 -0.0783673998297413 -0.7302825739663558
0.2937466784786203 -0.0024166988162821 -0.7086199605300169
0.2939668881683821 -0.2441066028727341 -0.6143024846569376
0.2943069408979807 -0.1952080188309438 -0.6209145503025266
0.2943382500731154 -0.2563724015567083 -0.6522076146054363
0.2952493950554319 -0.2400468682729482 -0.6059715313628826
0.2954409981281755 -0.3332463816098231 -0.8861273530066285
0.2957161506576081 -0.166367127821017 -0.6515706268093426
0.2980589631479266 -0.1245085035363172 -0.6963798630666007
0.2982538536123273 -0.0802399495874281 -0.7242962857040149
0.2983407058183255 -0.302226321592779 -0.8017922160567723
0.2984306014202299 -0.2797182229405413 -0.734506737034569
0.29871599516667 -0.2495749566339849 -0.6449475590411411
0.2991863315447386 -0.0118069661119907 -0.7125254635782876
0.2998336419074392 -0.1457354665975747 -0.6704311128772338
0.2999080960422144 -0.1468692903987621 -0.6690349573214256
0.3001786266949609 -0.244993904951967 -0.6355931070704995
0.3003869328202358 -0.2141422202399142 -0.5941059689425908
0.3017223059532024 -0.1055933935803981 -0.7097488603981952
0.3017920712852523 -0.0875068601740721 -0.7180655285035378
0.301878231610707 -0.0837575732918905 -0.7192448260506715
0.3028606866720203 -0.3174097808351045 -0.8609047045867935
0.3029544005642639 -0.1822661198659383 -0.6244079560159626
0.3030613736058153 -0.1044125102716632 -0.7091266520505399
0.3036034379519944 -0.074944846795377 -0.7200480222965762
0.3037990429582857 -0.2658292117130339 -0.7089465670912881
0.3043152768297824 -0.173892731342366 -0.632296341395794
0.3047491714088986 -0.1825453024664782 -0.6218615646215522
0.3049259651863405 -0.2907588443019993 -0.7871514882553764
0.3053963121911633 -0.2003922231724082 -0.6019083281572712
0.3055907251944464 -0.1566089339121956 -0.6509528440201274
0.3059083925147447 -0.324419763599156 -0.8910366962893632
0.3063580552172237 -0.2188902848802014 -0.5825695657946601
0.3069551359014429 -0.1120911102499279 -0.6981721584067001
0.3072548685477069 -0.2285204079809247 -0.607402475022869
0.3074880410472622 -0.1538634189395978 -0.6518416279081117
0.3080458782016153 -0.250673815818693 -0.6762241379338632
0.3087241275359902 -0.012801566115195 -0.7039871675394556
0.3091324097090516 -0.1606806901623681 -0.6418811185197548
0.3105388788054942 -0.055952372554842 -0.718998721680391
0.3109233073031728 -0.3238235164094206 -0.9042961927213189
0.3111332893075803 -0.245889407322809 -0.6711324668511589
0.3112600066795012 -0.2299770009066866 -0.6237830457008164
0.3115077120933364 -0.0802315184198339 -0.7098223816045957
0.3115331715817228 -0.003532863680833 -0.6919085297960937
0.3116650402415194 -0.1718442138856095 -0.6257997590214961
0.3116902851077911 -0.1208550439820884 -0.6842173623922511
0.3119897731069204 -0.1842379811560181 -0.6112629779611078
0.3141825366538344 -0.2254996767983999 -0.6191179954591903
0.314380033629308 -0.2901391892531054 -0.8136368685920531
0.3144114097275168 -0.1928547047101152 -0.5990307827980099
0.3148717862731526 -0.0444312427673558 -0.7185024006662244
0.3150610351563579 -0.2859178339623097 -0.8030185996369843
0.316216818726037 -0.2599682274238519 -0.728607676601583
0.3170912177133586 -0.0246484130046863 -0.7074739020414331
0.3171584296689167 -0.0591869109812361 -0.7111244425285732
0.3179244763474577 -0.2989232891900989 -0.850606995595204
0.3181247707688811 -0.0302572456648948 -0.712051055654608
0.3189834424189893 -0.3309877666930199 -0.94996860155416
0.3191480068087762 -0.3137241203106483 -0.898710092034195
0.3199644902162007 -0.2880584702593989 -0.8241392061819824
0.3214664841562801 -0.2818020533940787 -0.8098791136064409
0.3215481821606903 -0.271461377131048 -0.7791121175808275
0.3223290838882756 -0.1441627467125499 -0.6456620477874722
0.3224752843864296 -0.0679951437107651 -0.7025598304553078
0.3228307312737345 -0.3253715089385086 -0.9447000232663563
0.3230249737400266 -0.0611140435875154 -0.7045587748793956
0.323415525723961 -0.2225403506243402 -0.6379314125399855
0.3237581962393112 -0.1033693607954239 -0.6863757787575564
0.3238676282278572 -0.1192423142426968 -0.6719797521390716
0.3239372093640142 -0.0632901633891028 -0.7028959444925096
0.3243349169883842 -0.3079711803602319 -0.8970029775647212
0.3244361343719426 -0.0436830331599488 -0.7095641922317548
0.3252750151296243 -0.0210464191332307 -0.6956912273555089
0.3258744212148504 -0.0745335815740624 -0.6967356846392226
0.3261305467645936 -0.3139307251676675 -0.9202498474008909
0.3262045122174552 -0.0293181852403302 -0.7030359697049247
0.3263687717271752 -0.2266882347509495 -0.6592298935661096
0.3266156864067206 -0.2715084740890671 -0.7944459777306222
0.3276664164234954 -0.2231588097905848 -0.6525350088948589
0.3283763228841948 -0.2511260553104402 -0.7385970967898827
0.3284185158300952 -0.1637268717523805 -0.6154816145463773
0.3286508350241335 -0.2838412500305569 -0.8375337327811818
0.3289222298998359 -0.0564237264321871 -0.7005048627608007
0.3293213974720064 -0.1000946321673434 -0.682125731717454
0.3294823256306812 -0.1679298115167081 -0.6093024119560217
0.3297322991563191 -0.3304438353057486 -0.9805961259962246
0.3299419971349502 -0.1554325809144598 -0.6234029104338802
0.3301654020147864 -0.0380947206217009 -0.7062359072463137
0.3303071144744806 -0.1899290418974941 -0.5839881061276333
0.3318301682357159 -0.177264701015663 -0.5960254973165982
0.3319661151463362 -0.1135524912930121 -0.6685360113077622
0.3319778083730756 -0.2807802768506962 -0.8383282245252247
0.3325340317191841 -0.2430198447293045 -0.7267513872476458
0.33255344762904 -0.1893504681543619 -0.582127933410619
0.3328581700165788 -0.2302697109415951 -0.6894344309355693
0.3329704682235047 -0.2936226904029004 -0.879858453170524
0.3335530156781306 -0.2438860103913238 -0.7324040000425941
0.3349101427504457 -0.2424855249877552 -0.7322726420715474
0.3349450464011753 -0.2250418354979604 -0.6800119484667917
0.335000820461913 -0.0665000464104233 -0.6906492678081899
0.3352294325850097 -0.1332938768199788 -0.643692211493703
0.3358237992199569 -0.0849417573107034 -0.6825009336269873
0.336782657360461 -0.2500754216054211 -0.7606488064910776
0.3375165943265821 -0.2759730421588569 -0.8405646004117622
0.3375592561231534 -0.0526568318551217 -0.6936306411969981
0.337936145851751 -0.1518617634128019 -0.618528259179788
0.3381374796220595 -0.1832535984623347 -0.5824866498256321
0.3381674979532029 -0.0216671096576681 -0.6834258817497689
0.3383540476964473 -0.1149305969948459 -0.6602380945842292
0.3384294476722693 -0.211500806311209 -0.6498452738148608
0.3402855567432823 -0.2702916158894904 -0.8318274891300056
0.3412273654137632 -0.2540767485382535 -0.7859743228332319
0.3412694437304051 -0.0328206448640612 -0.6914817088319776
0.3420536227746622 -0.2117830159108817 -0.6615607508899032
0.3422846319033495 -0.0647229539558004 -0.6843057663068546
0.34260288070898 -0.0841086271879289 -0.6758932617928796
0.3426889006516247 -0.1664801472967615 -0.5961530455925168
0.342789716637444 -0.2013200265378222 -0.6323844543989369
0.3428764806761851 -0.1470281125860797 -0.6187247856766034
0.3430733374930867 -0.1991649563861194 -0.6267708818176122
0.3433587712434454 -0.0243882848644337 -0.680958982817119
0.3437875899570296 -0.1661586439501892 -0.5953299534386896
0.3440985593984269 -0.2292748052633428 -0.7202006878094689
0.3453842453714913 -0.221113049927362 -0.6995779390794991
0.3458282082298392 -0.0466753854357789 -0.6883898289075057
0.3461116530486245 -0.0858031697123586 -0.6715712237176101
0.3467002982493309 -0.1294455942036438 -0.635607293212429
0.3468866869233459 -0.3033558792298457 -0.9508174093009332
0.3469329255657566 -0.251321599733045 -0.7948171037764198
0.3475237374439903 -0.0040160107813254 -0.656418802508641
0.3475603531934978 -0.1034764788328972 -0.6602301203752174
0.3476857745507375 -0.2016213277978454 -0.6479716034925751
0.3479113279924813 -0.1885716138037634 -0.6095052734991888
0.3480473636345231 -0.186105795885304 -0.6025169978352848
0.3481883847991584 -0.0015587556574655 -0.6532966246486527
0.3485946896500185 -0.0057707323419673 -0.6571035231879552
0.3496654071924604 -0.1449163136515976 -0.6138687777321334
0.3502504398234435 -0.0513409237976755 -0.6824907363320154
0.3504854341147646 -0.0940921374144038 -0.6630028219745359
0.3517749292184229 -0.1870649946566498 -0.6165731823414811
0.3518467369862432 -0.0049814651584177 -0.6530636038897357
0.3521415720177647 -0.2359068957349697 -0.7642038114224897
0.3525094564463483 -0.2902745665321825 -0.9284256083195787
0.3527765890976096 -0.2711990753837539 -0.8720178049535476
0.3531643445559897 -0.2367193472856344 -0.7697066926768277
0.3532164517085522 -0.0358425156502362 -0.6825631429014172
0.3533545215555511 -0.2122734096066114 -0.6969629121850052
0.3536101988448813 -0.1462786269061426 -0.6080400015388157
0.3551489400648342 -0.0498633805827621 -0.6786119860979862
0.3552036255896929 -0.1256130200301825 -0.630850474869336
0.3554995134760038 -0.1379367286505471 -0.6161042702935672
0.3556951261385832 -0.0915036481975491 -0.6589101951445604
0.355705067520716 -0.0843796873696681 -0.662366139333025
0.3560188974147656 -0.1820178370289196 -0.6141619339795623
0.3567724876368883 -0.2041096723638603 -0.6827268953854122
0.3568298255987301 -0.1818000567078257 -0.6159406919841668
0.3568373754392149 -0.1555458795956384 -0.5936633110178655
0.3570120788663486 -0.1122116780072105 -0.6427789362284487
0.3570183036561145 -0.0637681624206918 -0.6705671882108317
0.357517427874002 -0.1615896697473344 -0.5859362100464865
0.35777646514128 -0.1466196364869217 -0.603166468082458
0.3577846670671307 -0.0598080056868089 -0.6716970859148568
0.3583670798744285 -0.0738179573194324 -0.6646740835604363
0.3588665025600463 -0.1798505989003708 -0.6162013123871006
0.3604813683924487 -0.1527052575521173 -0.5931646204709707
0.3607903617844029 -0.1276082527872446 -0.622707943116509
0.3609064085295758 -0.2729759852400707 -0.9017286062730141
0.3610153176325677 -0.2253962680492099 -0.7592860979600651
0.3610557932981713 -0.1785442408604582 -0.6188971182693876
0.3610761455028084 -0.0982344186773202 -0.6495441730637961
0.3612401148836074 -0.1874157980438547 -0.6460557309427271
0.361437200237014 -0.1039934744002018 -0.6450849166094705
0.3624886498073787 -0.0954214693872234 -0.649709397598829
0.3626115909337047 -0.1830707311173183 -0.63713652287867
0.3627951308084546 -0.0993514369299317 -0.6470611686109997
0.3628339213313542 -0.0941873862868543 -0.650165172143218
0.3632154516624214 -0.0039040392604839 -0.6406227514024045
0.3634894848183384 -0.042704809432785 -0.6739859768247639
0.365493040099625 -0.1168759468235209 -0.6291822399526351
0.3655468801960405 -0.2551614976922155 -0.8621788240628763
0.3656836730534948 -0.0463604011296578 -0.6706375760348495
0.3660871807381421 -0.0842880090382702 -0.6521523747206489
0.3661845671813712 -0.2247774653179913 -0.7729697955455861
0.366327957043709 -0.0172808217290555 -0.6508918140837392
0.3665284599610957 -0.0755597449319608 -0.6558588642198948
0.3674047898637554 -0.2023945337772298 -0.7094592950308611
0.3682039424754026 -0.1286720545953743 -0.6138874800351325
0.3686387606549805 -0.0727727405740515 -0.6552553119566074
0.3687603876954797 -0.0415889869074772 -0.6696468306513548
0.3694339573889267 -0.111374260441555 -0.6302800499081148
0.3695936199225389 -0.0705642871090877 -0.6555451284563665
0.3697169019680403 -0.0908844222961998 -0.6448604335898441
0.3698953199047726 -0.2361072198709028 -0.8181017683126495
0.3707540101789387 -0.0870896553799419 -0.6459502180991994
0.3708166648633041 -0.1049503207823485 -0.6342781901614464
0.3709012566121543 -0.0851784794376226 -0.6469451188955657
0.3714914620550297 -0.0201094679090958 -0.6485601670825865
0.3715575707365683 -0.1771891903216769 -0.6463181109757172
0.3717405061046626 -0.159869697950673 -0.5949249962381161
0.3723114968565042 -0.1068180160992306 -0.6311390578083713
0.3723511137564657 -0.1963058753292291 -0.7060285765316526
0.3727953033561344 -0.0985506932606167 -0.6369433279261412
0.3729856554298866 -0.2467103242002806 -0.8591451136165948
0.3735063900992546 -0.1920442723159566 -0.6967115018427876
0.373948613633857 -0.1320325161571323 -0.6041852582313914
0.374002068706593 -0.0324767791799701 -0.6584211169471547
0.3757284566902796 -0.2157297297972075 -0.7744386480500047
0.376127439252437 -0.1933910277779891 -0.7086084812609241
0.3765293701588098 -0.0904427611618624 -0.6383386766296189
0.3772454585894378 -0.2041627102800766 -0.7443052612424124
0.3777923601098007 -0.0864532651276573 -0.639475393717315
0.3778673750433938 -0.0210011210687254 -0.6430792381813755
0.3780938946192087 -0.220834424714916 -0.7968747149791189
0.3790195808554519 -0.0315042236611379 -0.6524332617962554
0.3798144478575417 -0.0644279949027618 -0.649132832116104
0.3798972407849122 -0.041719873680559 -0.6595935460649626
0.3799226685099794 -0.1095777836560067 -0.6201822138768049
0.3800141143266845 -0.0681360001128408 -0.6470927392366821
0.3801628041840748 -0.1088788276796559 -0.6205925421620533
0.380196366767546 -0.0889958314917281 -0.635479347210383
0.3808075895553618 -0.204322142664777 -0.7554557253288237
0.3812118085198317 -0.1801065398662205 -0.6840111680518033
0.3814881206907866 -0.1743735421042811 -0.6676461702372676
0.3821614741883042 -0.0805832001892529 -0.6385197550612987
0.3831526281111899 -0.2210605780185421 -0.8127383228091888
0.3843234611746238 -0.1657383181591162 -0.6502494149147859
0.3850476684078752 -0.1038150724159347 -0.6193364034754284
0.3854544520689712 -0.0110223223545839 -0.6255146308389556
0.3856888192519203 -0.1327074280200777 -0.5914378426511927
0.3859907648056669 -0.157417926786395 -0.6302950206195475
0.3861359161421765 -0.19117296077312 -0.7319980276344492
0.3861887107774981 -0.1507483217759202 -0.6108861701765333
0.3864102097521467 -0.026773567871815 -0.6402655036213167
0.3871247663250509 -0.0753696670368969 -0.6369186412300161
0.3881497884635983 -0.0969888054960743 -0.6212916835993356
0.3883093117965432 -0.1566128204631491 -0.6348316004469907
0.3884395773030248 -0.0994397530661082 -0.6190244415759232
0.3886453526580782 -0.0585344301505861 -0.6444772454334051
0.3890125295945471 -0.0461016637604215 -0.6499614574104104
0.3893452905247911 -0.111272840632569 -0.6081836847274624
0.3900294413750403 -0.1714990896518317 -0.6846802064157687
0.3912972903637403 -0.0812461747633812 -0.629381954835273
0.3918565906943819 -0.177442775947364 -0.7079739671960656
0.3920271475312316 -0.155293200350882 -0.6420202746078512
0.3920677200324754 -0.0963295899892738 -0.6175873434092024
0.392438569938769 -0.1930485731884469 -0.7565476570649838
0.3928870249974995 -0.0687404432171626 -0.6352908086611397
0.3930878662780155 -0.1024111147288664 -0.6116735369647137
0.3935106776190261 -0.1144141949259637 -0.6008743484148749
0.3937354685437261 -0.0963616999884025 -0.6157843209774565
0.3964816338252256 -0.0066135516353219 -0.6100340549288881
0.3971285046077019 -0.0543499897091009 -0.639406195424058
0.397755462464094 -0.0165488364953388 -0.6187016063366274
0.3979187305391276 -0.1593987464159626 -0.6720398601475084
0.3998000263328837 -0.1734679485240883 -0.7198565261310921
0.4000391812849241 -0.088368790230945 -0.615504337117242
0.4008113525570911 -0.098754216803243 -0.6063947036253484
0.4013065529396151 -0.1582268051091388 -0.6786765586951125
0.4013736667573996 -0.0265517724681159 -0.6250947556648094
0.401995783109995 -0.1075110977737368 -0.5975727632264027
0.4031368682870439 -0.021395570500895 -0.6181745563676962
0.4035758445820905 -0.0370525529626003 -0.6334006362331108
0.4035821073999397 -0.1369658733592372 -0.621698502738313
0.4038217904379826 -0.1091850161520332 -0.5941702074829275
0.4041553617310848 -0.1152577892125866 -0.5881701426917785
0.4052785968698991 -0.1152620663977172 -0.5867594084867181
0.4058472089567045 -0.0388818744639603 -0.6329617047125182
0.4071788523259233 -0.1079030819567049 -0.5916312124007901
0.4080300804287752 -0.1004033658371039 -0.5973342313060553
0.4081188451647484 -0.1424671549745438 -0.6518386550168922
0.4089271443434606 -0.0017468048146994 -0.5927315750676752
0.4102899852126087 -0.0116027857019911 -0.6012308584757726
0.4121214903331684 -0.0656678735712973 -0.6199498421729539
0.4126768935374607 -0.0371667870011526 -0.6244227648377525
0.4133349651577237 -0.1171697794705113 -0.5915690779181171
0.4140684756322378 -0.0809599783702404 -0.6071475902811312
0.4145619144479527 -0.1195111125625392 -0.6022692422214578
0.4149930977489751 -0.1055719475165801 -0.5851685856556306
0.4150044153295451 -0.1190555327816183 -0.6022793279986449
0.4151711023656959 -0.0013229601858294 -0.5860696630764408
0.4168289189922337 -0.0885565997524758 -0.5984239038228888
0.4168416545690826 -0.0991969826817969 -0.5892136236949078
0.4172512615211493 -0.0225623899280055 -0.6052413358838926
0.4173672334653299 -0.0566628541379 -0.6208946784903387
0.4182092394108363 -0.1221909569302315 -0.6212814299690006
0.4183259909033361 -0.1342505351499987 -0.6577864091815735
0.4191750015410725 -0.0512836171528328 -0.6224623353490948
0.4196050401184114 -0.0895688167142916 -0.5947782176155625
0.4197666108675105 -0.1069594446443535 -0.580230419791081
0.4215360971322322 -0.0572121108178049 -0.6168819422801801
0.4221118478799385 -0.1100137241054042 -0.5964660959953538
0.4222798614141106 -0.0529979148973612 -0.6187631098389217
0.4227540608707225 -0.0870957974836441 -0.5937206480665549
0.4229611515132695 -0.1392059371311379 -0.6865593587451064
0.4233647731166245 -0.0065349579157216 -0.5830985366077635
0.4235744622431186 -0.0630718196328947 -0.6113536648724337
0.4236145343405542 -0.1242143842566266 -0.6435425302975233
0.4237873976260601 -0.0823495092713682 -0.596766845028814
0.424873505141604 -0.0581166700017081 -0.6133582755465947
0.4256724583859569 -0.1428811854489158 -0.7057511486574177
0.4257090679073514 -0.1441046142953661 -0.7095110036376828
0.4258888301548186 -0.0280922827951552 -0.6021447953859932
0.426910867588997 -0.0490304182562103 -0.6167119068642346
0.4269702906104091 -0.0501746662187868 -0.6161815665829581
0.4274746577448424 -0.1103405276833894 -0.613513349559748
0.4289797701161602 -0.055432213783367 -0.611482073023434
0.4292733393355892 -0.0231237259104273 -0.5937926084520753
0.4299410016037691 -0.1005476465871759 -0.5915432304130797
0.4299917982460412 -0.1129853673296491 -0.6289842917196067
0.4308454927312715 -0.0833033388371524 -0.5890186830179319
0.4311331739250007 -0.1049324187982271 -0.6082608430785736
0.4332269431701384 -0.1079108463323306 -0.6234634373889059
0.4336843414959604 -0.1114949269125799 -0.6356203692494315
0.4353316468404782 -0.0153141059382683 -0.579926783999948
0.4367568759814181 -0.1085859764748758 -0.6360984803046721
0.437268226696893 -0.1234304258457932 -0.6821594926518217
0.4373363140793041 -0.0101385241363978 -0.5727459655025503
0.4385951314438964 -0.0019724865911304 -0.563318352583503
0.4388520365219205 -0.0346840734593015 -0.5957464784867004
0.439784628334518 -0.0160373726099669 -0.5762017709499017
0.4406962483750748 -0.0632267880011267 -0.5963004157045373
0.4419383981118985 -0.068404813654748 -0.5913300228167
0.4433947441269125 -0.101945211596779 -0.6361078773284916
0.4442173536251162 -0.0169197909223052 -0.5726100100493108
0.4446704242906494 -0.0096548381968757 -0.5648857768815956
0.4459546655046659 -0.0207974943698605 -0.574757581624354
0.4485761849788795 -0.0011791083077153 -0.5525036376630794
0.4497949369615388 -0.0668920677491965 -0.5854775562324007
0.4501479553852816 -0.0561405790903253 -0.5933149615747163
0.4509272999516347 -0.0938468249649726 -0.6343895399862556
0.4516972512692174 -0.0698041575029223 -0.581412102891891
0.452015148827548 -0.0957242889532498 -0.6432796666903071
0.4526199585700612 -0.0206594809225835 -0.5679671584834429
0.4558146253774 -0.0472277346588848 -0.5913327518311209
0.4588847102729319 -0.0095222619050836 -0.5505665474157952
0.4619527103378603 -0.075129375690515 -0.6113065833122362
0.4635019713040393 -0.0558416578028738 -0.5830253835969688
0.4635647889954297 -0.0512037718189028 -0.5862001818342775
0.4643322830936358 -0.0219738618231066 -0.5575451694091784
0.466669853849512 -0.0325273572245898 -0.5657908374862568
0.468360886151432 -0.0353859802159737 -0.5669706170186801
0.4683952516919794 -0.0001102068450142 -0.5316533347528678
0.4686624065699558 -0.0351952521908823 -0.5664791738735256
0.4697862996839307 -0.0139631270456027 -0.5440860768273232
0.4716756121126172 -0.0310647908816302 -0.5592892413280242
0.4717439425826101 -0.0173449218476902 -0.5455244808412771
0.4727643378329076 -0.0071300787483845 -0.5342732775451922
0.4772542860886269 -0.0309726443928768 -0.553661644306477
0.4816737577653907 -0.0119439399179805 -0.5301736644004365
0.4835249450756502 -0.0129269958630058 -0.5293238354983489
0.4857032720435215 -0.0128534631607211 -0.5270887067705112
0.4961301968823648 -0.0012770132825204 -0.5050963273927123